[
,([3.0948993643456433, 16.11529624752645],[-20.599700792248804, 3.876979173034755],[3.0948993643456433, 16.11529624752645],[11.283370020403705, 35.76004998568726]
,[[9.520280205538983, -1.5176971909592751, 2.1229027429082263, -2.4214444301517144, 8.382876356787213, 9.522744673301512, -0.3733849651424421, 0.8180855856002598], [-10.718432008187317, -11.252062600804198, -31.696085398664678, -21.22166880350566, -10.427952385301065, -26.83356722582454, -14.66500906519548, -26.767742303826072]], [[5.364231040214177, -0.7738203755408013, 6.651733356630473, 8.52269903408835, 5.71064881796466, 8.248870590664211, 5.825201199531405, 2.452639091454172], [6.318522907176435, 9.014041068523337, 1.7487418239378965, 3.2407749657017284, 5.889795517873788, 14.09988099468255, 13.161595428734152, 20.495031928977376]])
,([-22.635404353584157, 7.774516434024619],[8.697386566303884, 13.993553146753271],[-22.635404353584157, 7.774516434024619],[21.96386445448374, 27.260031034933128]
,[[-37.83597765506482, -22.460058652119315, -29.959255673941108, -15.25584941662812, -15.88050857007622, -10.865861672859392, -28.527213989896055, -12.007642886200369], [8.518403556979955, 7.715764582056263, 10.416620432591682, 10.144222448878123, 8.930245651238911, 6.0955528226767, 11.180255763196204, 8.455429898316076]], [[-9.052470098476562, -14.747453123067888, -7.7175249401934956, -11.8297101021158, -18.945246953020636, -23.4947688526567, -33.738817375808566, -11.198066045296446], [20.35514748966595, 24.166862419486506, 21.81813069421689, 20.31858405794522, 22.404990416214318, 20.98876306054524, 23.392942986573537, 21.2835821589577]])
,([-19.40053928195567, -4.84460134142212],[-6.634695495056775, 5.688084768182101],[-19.40053928195567, -4.84460134142212],[7.857045734339099, 20.179825997577975]
,[[-17.45252231038117, -25.5141176923627, -22.786882206888368, -21.80716608007357, -17.940067778892846, -21.18330349024122, -19.871196262501158, -17.919396535943417], [-4.082765746001536, -7.306135172786192, -10.114096945191825, -7.146809456877336, -9.737687374947315, -11.221186801112575, -1.9717980029831992, -3.6945191767233307]], [[-14.684730035551746, -19.88004106823766, -16.432314790097617, -24.314250826797608, -21.284363405821324, -24.3320274803257, -17.944781828266308, -22.382717172728714], [11.55551100561305, 11.71325809272146, 8.706162123643757, 12.352285304578201, 4.807276071926287, 8.85967083847148, 9.481584472953621, 2.850346150991144]])
,([-13.861876150177874, 4.943556807612225],[2.2907740518291746, 16.056501051035298],[-13.861876150177874, 4.943556807612225],[18.01346677238449, 31.779193771590613]
,[[-19.879164363326765, -9.02750868631975, -5.5350000270611535, -12.530455139386655, -7.2915087497851, -16.131081873609876, -13.50387525661825, -20.864217681292576], [1.9219969723348722, 5.432071715907259, 7.369522067351793, 7.591728984438941, 1.5445972365177765, 3.9765802523068636, 5.925203195250608, 0.5172851245503187]], [[-10.162869895840002, -7.5221920363929495, -19.58502810235653, -13.365131158087488, -11.75506686356783, -13.42103211692113, -20.104173993021995, -18.755112379695568], [14.699627017555592, 24.582150033878918, 22.268122427020053, 21.190062078902603, 13.998405528930356, 24.7533633730299, 21.127409318356964, 11.8088974425915]])
,([-19.949438691911, -6.279961197281709],[-12.397758302264844, 9.217836671571543],[-19.949438691911, -6.279961197281709],[13.953271898516402, 35.568866872352785]
,[[-20.55022963899245, -15.620482029679788, -25.002351210197403, -15.274198116712846, -19.665025060525224, -21.054302022229493, -20.4787693567912, -24.759985618654667], [-6.464225254457158, -13.675623127846213, -4.499554881355717, -9.899028238627498, -4.57493619278528, -6.284041456833791, -12.588330549528758, -7.57021740263818]], [[-16.402106326937655, -21.373132759144593, -17.73316336166627, -15.71490239363067, -26.4074593547055, -17.575882513593356, -24.395568823985904, -18.987550834906216], [16.27861960319578, 21.085970496375474, 9.317376636639963, 23.3548726611089, 3.472915769280158, 14.460648162997948, 22.40503108523719, 8.633135543681696]])
,([-21.73598936386712, 13.250683593423851],[-22.048853107810935, 7.104004396578283],[-21.73598936386712, 13.250683593423851],[10.160130800483635, 39.31298830487285]
,[[-35.089417474505225, -35.97996050610065, -18.796545375659626, -5.16561988862146, -25.558538033792708, -7.0647236488354075, -26.49203415574157, -27.265961284953942], [-26.88781380370198, -24.492803219993363, -15.96882667116557, -15.704039929960175, -13.7557314915543, -32.63894484501344, -21.58507827344088, -12.212740847663891]], [[-10.077067556214725, -35.96132590198732, -28.302587221939117, -11.249159761707315, -6.552139760104868, -30.193780726665185, -15.432623601571052, -38.8423766881878], [15.399318447838954, 12.852608821070827, 20.558879055007825, 16.73624390999767, 6.299169957394719, 3.9485380081999484, -0.3186482813779392, 10.366482966035035]])
,([-21.949017711458456, -6.298903720736874],[-16.5910634595226, 12.538900504356029],[-21.949017711458456, -6.298903720736874],[16.120060005983802, 45.25002396986243]
,[[-20.860892004468692, -17.485459232717147, -18.71708019562412, -29.384134637757192, -18.116483317782084, -14.744888997384148, -26.119931591168815, -26.05113453930354], [-19.664170986228548, -4.602119139674215, -9.60819291902881, -21.22653176956626, -9.293975884316612, -11.29057809810864, -30.89455021010263, -25.782562634719742]], [[-22.520755510210734, -29.51983872861506, -23.214445662629355, -15.885881480172221, -26.102075658450985, -28.98229870521773, -17.228808615879792, -20.626290519283117], [28.67900480972598, 21.856245939268817, 16.68510491425136, 22.34732289977645, 8.90456305434053, 8.904953154408243, 17.745973231233883, 12.451890442949283]])
,([6.529159287988172, 15.595029105717622],[-17.22519317248631, 11.057374446228934],[6.529159287988172, 15.595029105717622],[16.36238851403534, 44.644956132750586]
,[[9.076509737938256, 6.52044617952663, 2.4179686462210945, 3.446396906628165, 4.321099485761279, 4.1825302607240396, 5.520787660772201, 3.871324331984278], [-19.462718640633888, -3.4313981525302726, -23.30014208894408, -28.199285647018538, -27.137091298736483, -17.211535131825926, -14.58410804841379, -21.386244486792837]], [[2.6781258224986297, 6.948540420683435, 9.858708963700662, 3.8488411391438717, 7.988819930450243, 9.746689595351821, 7.84255868912984, 3.367380261005245], [24.973751003596888, 8.866369950942417, 22.30594837750494, 27.68356181077371, 28.826724903602106, 9.629948510810687, 18.380592089958895, 28.517154744908353]])
,([-19.00642858655552, 8.990044067854889],[-14.602327537914483, 6.236513354603616],[-19.00642858655552, 8.990044067854889],[7.939121591451773, 28.777962483969873]
,[[-29.679741157167577, -12.227379351994932, -20.816984215586576, -15.797064202325336, -13.155831328997609, -27.233666897986698, -7.750545516480651, -20.261916867630568], [-4.533144917286958, -10.110851977841644, -5.199919147356404, -22.68384731886587, -13.105323764179522, -11.820394510090013, -14.131801929389392, -12.009635183115318]], [[-28.72715957291059, -11.342546544299912, -16.942362723276972, -24.564172376639224, -12.751013805585488, -11.189907325575932, -6.398464936039899, -14.465726987434175], [1.6073530522990565, 12.88590253563622, 0.9471610597365476, 7.8723204087466705, -0.3735542082236343, 6.714626419844516, -1.997529156012181, 10.600040013382632]])
,([-13.586863210086463, 6.956949522262622],[-2.4879028986986604, 13.213785966369223],[-13.586863210086463, 6.956949522262622],[19.066079725009672, 34.76776859007755]
,[[-9.726770783233771, -14.819598951448775, -10.95245666587809, -8.67682000575949, -22.92812120063245, -12.845981941342131, -23.631515269027574, -5.760169295796272], [-10.115548635118833, -6.821360725587117, -3.0741861569296027, -9.993576599429666, -2.0121831984087475, -1.9695095199237027, 1.2287098096122957, -7.691709367409306]], [[-21.867690920468597, -13.989426002158385, -20.534405716053833, -4.932693017939878, -16.520255388005033, -16.666907648323416, -4.766359545351898, -6.464633058923377], [12.141295229186808, 24.989903358580182, 24.35367541504364, 23.01263077259606, 12.400556005784601, 16.409087745797002, 14.831293667058883, 14.83887517750369]])
,([4.120550517574824, 9.750557672979529],[-17.151099880473005, 17.365092515718537],[4.120550517574824, 9.750557672979529],[19.338646434631848, 53.85483883082339]
,[[2.8667481783704885, 2.4656773916415196, 3.277454678288615, 5.076013825005173, 6.881991865904148, 6.23074638491866, 2.2320614057705948, 4.013523990496958], [-32.77620927658092, -19.58145256782428, -14.89571141328144, -32.254601630081396, -15.686171188438685, -33.85858151851663, -0.21511296751958042, -28.575604124901666]], [[4.66358563218537, 6.548332734144492, 2.015084935433116, 6.107932419534386, 2.63413428249401, 4.479633048167752, 3.1515052522329237, 4.760978566587015], [21.136728771024313, 5.274040105770432, 3.2161699819291307, 20.163085339227553, 21.746212263292303, 35.123121122024756, 32.53125805719687, 3.0195828525746293]])
,([-20.37154290940801, 14.69149722171349],[-9.043174553575533, 2.2801521344680644],[-20.37154290940801, 14.69149722171349],[5.18138651302548, 16.504713201069077]
,[[-13.720684952406682, -29.729428270366324, -34.436997270826396, -8.41944951663724, -22.658107958745795, -31.729790728891196, -3.0672757811894407, -37.85559604305203], [-3.9068681066525563, -13.113816818232312, -13.692237711122338, -6.504369349852267, -5.446306999776018, -7.756397577673154, -13.191376189724107, -7.564704717942831]], [[-34.00473430243041, -10.430983430990459, -34.486311564726016, -30.70954384099916, -32.04411102078063, -12.336105507820122, -8.962495653357177, -16.66066193603975], [6.529881377741667, 9.789561566773692, 4.572708334450589, 6.5535672602661865, 4.775651763696384, 8.92630625470287, 9.17332929862743, 3.394180640366107]])
,([-12.112707672961932, 18.514544264852844],[-23.14977862655747, 13.158881929053678],[-12.112707672961932, 18.514544264852844],[16.88455603534163, 53.19321659095278]
,[[-13.351095346625934, -3.549046418228148, -20.798220723025825, -18.53526145434043, -1.8909733195906107, 2.7427706526682556, -13.812718995867922, 0.9605546232702089], [-16.553508842720902, -16.725342533572235, -40.2833219929875, -16.16797049416471, -22.505746237030948, -7.433864176918721, -38.140779518815435, -7.3143854840440135]], [[-23.93889818330728, -1.3042344024068129, 1.6087977932168585, -6.282202853277177, -27.32572497132942, 3.190120075113697, -25.94212758484214, -20.12599453362204], [28.319024357515588, 13.475224806456122, 4.1132616274914575, 4.1177047444953985, 5.039999130231999, 18.406196555682808, 16.812159749147025, 10.399119333824077]])
,([-6.997659061336279, 19.60078633463892],[-16.803535686499607, -2.029084872239931],[-6.997659061336279, 19.60078633463892],[3.04506356817906, 17.819514382438737]
,[[5.257109938395111, -10.38097677356565, -17.97439130046515, -4.567798835897893, -5.573050421566954, -5.7293922624929365, 5.9093127985719605, -19.420797279133772], [-10.65623274971432, -17.466533266755057, -14.613753367741667, -14.631417220860833, -17.740210161289816, -21.92387311271275, -9.889573879555268, -21.931487587452004]], [[-7.705939485687667, -4.5774560634606445, -9.757543029984523, -17.564039576239704, -5.139708111335194, -8.328255113770696, -7.0372766863712695, -0.1666514392038323], [0.20631122194019458, 10.37897289736774, 3.7208915484162137, 3.6296386418149176, 9.894373110812516, 4.64015592825176, -0.533052790976634, 0.1414850465824653]])
,([-21.840192696010647, 8.353485587795518],[-14.07310888797734, -1.171449612974996],[-21.840192696010647, 8.353485587795518],[1.4654677912811724, 14.367127066283516]
,[[-9.303134839848699, -36.0969965054172, -28.558335818543878, -13.090052941581916, -8.653765487090567, -21.328875513129077, -31.749681432081637, -17.372456843932465], [-13.939296593553536, -16.051541951458383, -16.6159342764396, -15.674801726291214, -17.512998900220893, -13.904992954777008, -11.406798441581202, -9.99868600733079]], [[-15.714314383767821, -9.738905501667123, -10.639007617562296, -24.138153186782, -21.19583467859719, -19.988974839062955, -26.87098832583297, -13.99776825393452], [2.5711373567754165, 4.113300704421097, -3.275714672240875, 7.908291569052385, 3.7414445940180654, 0.10888174824379426, 4.930667404661043, -1.022270350770877]])
,([4.785370081461572, 11.931134804312073],[3.0920052513195593, 19.980334793259587],[4.785370081461572, 11.931134804312073],[27.066121003638976, 43.95445054557901]
,[[6.830081691030646, 1.8658283059475007, 2.9297815856098595, 2.6253376191157907, 3.771956898263799, 8.104859172331302, 2.7191552767694978, 2.425068051640826], [-2.642410580099643, 1.9670571330375255, 7.661079485597854, 1.4384354138165145, 5.078096609876159, -1.0380987284124545, 8.687099364627125, 7.118089446135436]], [[4.457976418363687, 1.2403629781792183, 4.66305170030355, 1.9273708842204034, 3.362499125452259, 8.26747086821403, 4.651927821730572, 6.0390620247797555], [20.477818596912766, 24.150487055644035, 27.34880023443583, 31.296640386349747, 30.455585948098257, 20.125616843768043, 22.526295663486888, 22.87929639986524]])
,([-13.148923391237496, 5.209722392460044],[-3.8240137534148317, 16.234818027224478],[-13.148923391237496, 5.209722392460044],[22.915363843890844, 42.974195624530154]
,[[-16.617730602872697, -14.71503101249639, -15.525287362972403, -17.766016155560468, -14.268000386609643, -13.961185721863341, -7.881715295116335, -5.1500726745980465], [-2.9644373833438475, -11.45097176046164, -7.5135287010456935, -10.921834395449011, 3.6756555338910673, -3.9273307280413015, -0.9076406123385325, -3.415680275563515]], [[-6.364492756897022, -10.919814903928726, -13.516677406510354, -8.305771498769047, -9.115330101933846, -16.254521399693335, -8.031342989899564, -13.355950192488537], [12.936593976819228, 29.13840354351552, 19.996375906640388, 18.850842698886023, 27.979496740687512, 32.42546094088948, 26.16857048478618, 23.220387050242962]])
,([-14.645144887797471, 8.12514595039783],[-4.78921281753523, 8.008602652788056],[-14.645144887797471, 8.12514595039783],[13.816440977373475, 26.61425644769676]
,[[-16.305989303727966, -22.350211974234156, -10.536674802927624, -22.851711641944632, -12.492051222269398, -7.0869914759382695, -10.364245179837178, -24.20261915129293], [-5.005298907482164, -2.1179703046135074, 0.33896473514065306, -2.787851413408953, -4.930493085153501, -2.330841046017417, 1.3467043884947216, -7.588953459595816]], [[-7.401832903359519, -15.618901118329232, -9.556337764424018, -21.975134806854612, -4.627332887993266, -8.51254145900861, -9.008511657221451, -6.586965177725972], [9.797629775423275, 15.49312654660438, 14.562290426163873, 13.568798791430645, 12.003191224773474, 13.385742539806696, 15.153126896020563, 16.109801865011036]])
,([-22.922646122607052, 15.877244734857044],[-1.967671612699455, 7.925909531851332],[-22.922646122607052, 15.877244734857044],[11.505648545042071, 21.399229689592858]
,[[-37.30986015896218, -4.600306909387438, -7.130102435189766, -15.78472006138465, -28.222909240656683, -39.45676009983382, -37.92324651578255, -30.636308929612326], [-0.7225407561191854, 1.0018298401947003, -2.5469093536160923, -0.00933404554783479, -4.544533154258266, 0.012229061118905982, -3.7957511456309168, -5.386138806276065]], [[-37.593374591087915, -7.464503849869178, -14.5456183214249, -38.20251280129842, -4.365417591037978, -4.490295620995898, -30.19470015079829, -33.91199618649701], [12.861562836192755, 14.91356907423686, 11.334809520526747, 15.701832106146485, 16.04771176741344, 7.2791915075819835, 15.518375505873419, 11.344053617343057]])
,([-20.501923385586316, 16.344483713783987],[5.703325669541975, 15.061307515317772],[-20.501923385586316, 16.344483713783987],[16.311875387427165, 25.66985723320296]
,[[-8.401404140844, -7.043076449086016, -3.9897276045538668, -29.847751734212824, -25.96083405188265, -3.16559317870993, -37.14734639446607, -19.035489957338665], [4.863055541221772, 6.028230798411639, 9.401971014668613, 7.967046558313281, 1.4656375697576989, 10.344163706344856, 2.691048771472075, 3.8232658022721013]], [[-23.476846602538583, -36.50378163567326, -16.96644868779609, -4.489598951777442, -28.22493034133852, -10.57342796940393, -28.458554279822337, -23.348149672877025], [17.605163607917277, 16.486886078945453, 20.265216473805346, 17.932975158290528, 12.953808417996687, 16.99803065009693, 20.127628497634134, 14.312076225570026]])
,([-6.3910061672046865, 17.549244315919374],[-20.44729261553892, 7.781942771133586],[-6.3910061672046865, 17.549244315919374],[9.03149586165668, 37.260731248329186]
,[[-13.656056208611504, -7.758486069308152, 4.070625177131625, -5.079441348805263, -13.932877192989872, -9.383477884824185, -3.335514219653591, 4.3179918141903535], [-28.29313273395137, -32.37665772690048, -13.92921725481892, -14.877468838492867, -23.799704195775313, -28.047419789279743, -19.806658355400295, -22.963215850405742]], [[-3.3742093541677995, -15.205275053079802, 1.8793531734941737, -13.603905488813096, -11.97971929163834, -5.152328586415033, -3.8593845822118507, -17.56203079699479], [6.1672973156261115, 10.36081803089331, 19.58468645129363, -3.4027002463798084, 5.195031209854834, 17.205439961639282, 4.798501311086145, 13.971975672391249]])
,([5.2363998814121295, 17.318761863937],[-10.21093953790086, -0.9785260636534865],[5.2363998814121295, 17.318761863937],[1.6514520920019855, 10.883865566249359]
,[[10.468472747472509, 10.370750165081052, 6.0215397014833645, 4.515623783459779, 3.12429154298072, 3.253255650252581, 4.155354875267879, 7.0691862989873036], [-7.015386772544438, -7.4284901535947006, -6.683902880126427, -13.626730279567266, -6.2834146587919175, -9.729205458636898, -14.00170918570079, -9.418938627448659]], [[6.59001496492816, 4.003430512717309, 3.363815561150317, 10.146547335927126, 4.692577771789381, 8.284647525758633, 6.440039834235551, 2.089967761172816], [-0.1552328561212648, 3.7344899598203414, 5.689406786811459, 5.871334089525446, 5.817876439188575, 1.6629250616094184, 3.947116353385251, 0.12921994225568145]])
,([-21.341333799198846, 5.047455853510371],[-2.878773618783402, 2.2344940963581976],[-21.341333799198846, 5.047455853510371],[8.730589636121548, 13.843857351263148]
,[[-33.3271346842743, -25.124060614640793, -24.976194147097242, -32.23383930854001, -19.48749645795248, -28.536691183384583, -12.751473723773232, -24.063967057709537], [-4.21064154204584, -1.7675312398275689, -4.894839834325244, -3.04556819125265, -4.945046596824362, -1.2656199445710197, -4.595191449857783, -1.869298538347397]], [[-21.906652446299212, -22.026140902360964, -32.841402817220015, -11.335354862189577, -19.18300640096934, -11.986076586442595, -26.810396127030344, -18.434288798769842], [9.703380800690542, 8.480990828810377, 6.746440987288927, 8.781844946494271, 9.292627010933563, 8.667338298841765, 7.47808456269337, 10.723982951657058]])
,([-19.85048975829335, -7.791026622204292],[-17.860339068034094, 5.687937828176366],[-19.85048975829335, -7.791026622204292],[13.025705131118897, 36.57398202732936]
,[[-15.707910254824586, -17.62455251119786, -22.68589895621947, -23.123499822328135, -16.77938231739127, -22.020489089384668, -21.115170169903678, -20.950303629243376], [-18.8618790835027, -21.177819490905822, -28.258319771370488, -28.86711053741923, -10.615638293923439, -12.194535868675189, -27.17259086026822, -28.41546655025252]], [[-24.61769159014387, -16.530497249887098, -25.38867659514187, -17.793715597900608, -20.346605407507376, -22.695018036633027, -14.549701711349893, -13.838523302095421], [5.735919733278022, 22.77407126956923, 3.4359570029539483, 24.06252689963087, 13.994443037900382, 17.752094743759873, 20.89044159985502, 4.904762487713038]])
,([-10.99838837903619, 5.592337729888946],[6.0701025216146185, 16.91290626318996],[-10.99838837903619, 5.592337729888946],[17.182228142366895, 28.025031883942237]
,[[-3.6982175954618164, -13.423262079731531, -3.9848676135104633, -12.412839533884126, -5.641312172890858, -7.849538594090648, -10.269671411325113, -5.182379500813051], [1.2936603911603584, 4.683879678173586, 7.634520003453356, 8.34995476461765, 1.4292665661398898, 9.480169109429344, 10.278958583866206, 3.9717406898851144]], [[-13.07708642879423, -15.63964478828916, -8.80338508229727, -9.121871210646251, -13.958053214051178, -13.506999751928138, -18.56533416334881, -16.470199886948038], [18.086590988191958, 12.679903422954393, 12.116154676402736, 12.328009233372157, 18.61227695705425, 18.26464514675757, 16.387195654571872, 21.996510697930418]])
,([7.985739857667554, 14.553023292269415],[-2.342205684700925, 5.282253887630702],[7.985739857667554, 14.553023292269415],[9.584952794730818, 17.209412367062445]
,[[4.774083123363715, 4.94587724355358, 5.857226196933032, 5.755062208773278, 7.087547923443255, 6.502922934128387, 5.844086924353124, 5.619670321498971], [-0.6989305260197929, -5.888089646584349, -5.031271014328365, -5.149189778556768, -3.644901402641955, -5.090190570544957, -5.912994139009928, -5.132961907770827]], [[4.76413730468884, 5.519885633620921, 7.257291627512345, 9.606535651193441, 7.470216728288585, 5.103867699252071, 6.048773143072218, 10.242517223048427], [9.92710600854996, 6.205029842579229, 5.77946941456363, 8.542727038472265, 10.470108548423823, 12.816298183122806, 10.30348202362962, 8.54130477943]])
,([1.2047842412559149, 19.55224111724239],[-14.539052838344642, 16.726809565590493],[1.2047842412559149, 19.55224111724239],[24.544234677058665, 55.8100970809938]
,[[7.437701604607682, 0.26707811219470834, 0.840788550731455, 1.8172964024727296, 8.020442023810602, 3.9808966235077854, -2.2898943260671123, -2.4246149603531473], [-22.880139975943205, -4.694305208227361, -10.799159144596102, -12.527265589429186, -11.037149837280642, -18.111959492554156, -12.239723327657947, -17.213171618424347]], [[-6.4858762636678735, 9.428135691114125, -0.0790876590073486, -6.512934802386311, -1.9596699201146235, 5.831788199936547, -5.104300653069389, -5.552605343751782], [22.43133432939574, 32.30993533903537, 9.071821534541124, 35.57006844540649, 28.048674487826013, 32.34615276449256, 37.380532914173564, 28.5638085486654]])
,([-17.265965729601987, 15.006961439551432],[-16.242594372127073, 10.10624301905142],[-17.265965729601987, 15.006961439551432],[17.163378631752018, 43.51221602293051]
,[[-13.65249651810971, -9.338523784283979, -18.858757415455408, -13.545933077143399, -26.128483615673844, -19.411167137022883, -7.741550755014607, -2.11230379911013], [-19.029115546854992, -28.76961919980747, -8.311508264755965, -5.40809017537698, -17.499764992262236, -24.51632824220686, -20.25855643253731, -20.96134456460028]], [[-7.800785719328186, -3.5520372188111047, -18.57296426734119, -31.623181962892822, -9.243790579780985, -8.015799342509421, -31.11293826029343, -10.496623800080695], [17.678424857657223, 10.503874783369362, 19.605127315891213, 23.28969377796806, 12.890119525203797, 14.461190314968862, 20.60789640878494, 14.706527002605764]])
,([-24.06492134324397, -11.063515946855308],[-2.0119689288442473, 8.460654460626799],[-24.06492134324397, -11.063515946855308],[13.991843839710441, 24.464467229181487]
,[[-18.20599518329938, -22.863447389541868, -23.131640428556473, -18.6614430417397, -22.794379694097003, -29.959859525153938, -21.31625572784753, -23.099267544860947], [0.2192437974614876, -4.672313921986023, -5.686527594483869, 2.614487550037847, -0.9413763042359466, 3.093444063725107, -5.74006771230664, 2.9860617073161535]], [[-19.540853298452518, -18.58408879638722, -28.14362800721421, -27.59333680105862, -28.047038467821018, -26.98155414765479, -19.238878062809043, -23.199337653544283], [17.78296589033389, 11.653266074088004, 12.964880135881707, 13.249379863952768, 16.67315675884237, 17.184807176330644, 11.040243191016291, 18.525455842030873]])
,([-19.357267818772574, -10.884336711727682],[0.08020908446966502, 15.312589612370651],[-19.357267818772574, -10.884336711727682],[15.652901339805716, 30.885281867706702]
,[[-22.285170118296453, -17.468453713995608, -16.503433799473658, -16.39083128265319, -22.374518182709366, -16.831458053150584, -21.483056162064827, -19.68461886324783], [7.526416858036066, 6.971198987581811, 1.7887836685512113, -6.889753183338372, -2.2404789369541254, 6.325900677851379, 3.561786675044056, -3.175152129255741]], [[-15.886784576395161, -17.77358943184611, -21.90903549505726, -18.825655632830443, -21.84246658496881, -22.955948739694744, -18.103236792274235, -16.168978315023487], [17.8135082637867, 9.913743728546, 8.653298852645609, 20.79180172522433, 15.602160502443514, 15.865520147513253, 16.93117982290789, 11.755014973000126]])
,([-8.514369346299965, 15.462260985570204],[-24.778550194694002, 10.683124944226016],[-8.514369346299965, 15.462260985570204],[16.938234362944694, 52.39990950186471]
,[[-17.687892944737698, -14.724455108025367, 3.2837537877180374, -5.54735401715687, -15.942656306364913, -6.182462234270721, -17.73736956239052, -12.917445104033808], [-27.20386906008019, -27.79126010368776, -11.81749324671954, -31.177394743837084, -22.625454426792963, -27.090116679632324, -13.827651858885176, -41.42046518428951]], [[1.3896002435126924, -4.117648899898747, -7.567371234379216, -14.400996531664958, -7.392352048539758, -7.269104609064911, -13.89848740293278, -0.6713486527276835], [24.595979009595638, 29.3272664265915, 32.87038891267005, 31.96030934495455, 2.0962205656734394, 4.694166831208538, 22.095120799163762, 19.470391715219023]])
,([2.966199864421064, 18.420863246356518],[-21.029993551735483, 4.476505036159043],[2.966199864421064, 18.420863246356518],[6.129728306390032, 31.636226894284558]
,[[5.824709722586684, 4.511554260419022, 7.2317572342203515, -0.03210480210154465, 9.234197320148093, -3.309452371158364, -2.3347585052861355, 0.2707902219747247], [-9.607706756857407, -22.949634914963717, -20.329625406850326, -29.806853323248905, -21.679835104147614, -27.842424426645657, -33.70530599718897, -28.110983819337207]], [[-2.3751834689233124, -4.129454550456624, 2.0902889470143817, 5.791648364100173, 9.398994952305198, 1.7464830730440175, -4.427025512649912, 0.23456774215908638], [10.098673442614988, 0.062058982911988636, 13.997934539220001, 8.724765856867098, 5.851844435741926, -1.3232422449168455, 10.761928034829474, -3.2919394923633085]])
,([2.571297103345387, 9.380765314145492],[3.1550055003162036, 18.412577396426357],[2.571297103345387, 9.380765314145492],[18.957996535859394, 34.215568431969544]
,[[4.42445247694312, 0.9092060074652193, 4.4674989534443705, 2.9059221520963243, 5.518769733532476, -0.6052721388325306, 2.976749573181677, 0.22589202957369992], [2.3793208415515226, 5.921457182826098, 2.405503240188702, -0.019184733876913995, 7.55926834973782, -3.9451802190496448, 0.3077186082420207, 6.813688584552253]], [[3.0812039193479883, 0.577351356933602, 2.419145531174049, 1.2588425252107962, 5.730336350050805, 4.40278905524919, 4.483182914124742, 5.647502436889273], [16.705460782791995, 11.371269688541119, 14.625127483957876, 20.384437625763518, 13.09827004747463, 14.591990158446151, 19.170099320411673, 15.934327149966268]])
,([-19.392321764439128, 7.988439253016466],[-8.512919973685804, 14.386621366548681],[-19.392321764439128, 7.988439253016466],[17.83655364269586, 40.73609498293035]
,[[-9.385467126284764, -27.376141256961446, -14.342581243420417, -8.605930168706147, -19.750848045574568, -17.105389359144006, -25.774147561616605, -19.687979020210168], [-6.0557294885742525, -18.97215477735854, -2.6497407018006527, -19.664917156084126, -3.4355126178885627, -7.517897236557623, -3.2899846013209597, -13.625180889586169]], [[-23.53630542101772, -18.72881091490379, -16.536633204517145, -32.568327328871334, -31.311309564562222, -26.255930705418397, -25.48987813969957, -23.094969032494724], [15.20407821063604, 9.893449813382944, 22.471927840282508, 9.118680093965224, 16.972947230968977, 23.780367912329343, 8.898693613673629, 28.157715815089485]])
,([-5.026122166754053, 12.480211089887966],[-23.40439620232793, 2.987183596067581],[-5.026122166754053, 12.480211089887966],[3.232897092823105, 29.624476891218617]
,[[3.2041194534861415, -6.549583653351885, -4.672973039714568, -6.087673350226639, -8.567779988302842, -3.4589107630243827, 0.8459434112302588, -7.923944164304671], [-27.78056972936478, -30.218181268565026, -27.52609239850303, -19.896885883533514, -33.59203605991537, -13.982504418610855, -21.95981256413736, -33.431459198663525]], [[1.9073069088338013, -8.945160074507536, 0.5510824070433955, -2.3983107375476767, -12.654873075462948, -10.85362188656568, 2.663708153396554, -5.73005756650271], [-5.843723717626959, -6.88909357696811, -3.1004097624859837, 5.3759298516995955, 9.560987339895021, 14.917414895492474, -8.725965856361697, -9.762012795026529]])
,([-2.3692009391517814, 11.89886470878833],[-13.696551468379967, 15.405662859127062],[-2.3692009391517814, 11.89886470878833],[19.740669649754402, 48.84288397726143]
,[[-6.40473994803923, -2.174039588241646, 0.31717505798115475, 4.138825732222504, -0.9575498836438232, 1.769877600701962, -1.8732513316647683, -1.8689103697441727], [-22.467533104099267, -27.125655642151486, -18.118994915329182, -2.2942893392379684, -3.9023860356022357, -9.308557464589134, -28.063870421770936, -2.773290376204182]], [[-4.0960541647284865, -8.093921544521105, -2.211977030523209, 4.178293718569048, -6.028944738813291, -3.4486730165205346, -1.8995285441880831, -3.866233756041656], [14.781123705879859, 20.34461306354376, 17.577374837720818, 24.861723684450453, 25.810370966946113, 18.536213512364753, 14.007787456014372, 7.865727636156928]])
,([-8.158830726063492, 10.294212576106734],[-1.7225607402846492, 9.17847600102884],[-8.158830726063492, 10.294212576106734],[13.411585821862573, 24.312622563176063]
,[[-11.885769077888284, -1.4159501153487977, -7.383817807796845, 0.6094203213459988, -11.41674955036756, -15.151314575410154, -14.906429996376627, -5.340513286925644], [-1.4489626348850324, 3.5278693937763137, -4.752045394203963, -0.6677164356725518, -7.125798759620785, -3.3009002625993586, 1.3486869100253998, -4.753350448598768]], [[-14.115623742561416, -4.55268896087537, 0.6296310217461194, -3.0972087321627733, -17.219586360479894, -17.351178431135434, -13.28415458911794, -5.3284795099503945], [15.11362523186131, 13.736296029057648, 9.157673063445479, 17.088911165510822, 10.792145482916526, 13.70213004983599, 17.549441551815743, 12.695013424177024]])
,([-22.414752232800073, 13.515480406818938],[-23.371153949984397, -5.644712313288803],[-22.414752232800073, 13.515480406818938],[-0.9278331332612701, 16.798608503434323]
,[[-36.243215216735365, -7.858899718875765, -5.987475315941577, -21.97983625120943, -7.4775865701699935, -27.815828240798037, -26.626492369366794, -15.710019518290576], [-19.202956184001224, -26.456897457225317, -20.524645348503554, -14.982798701488393, -31.651419497863287, -21.499712611360373, -18.792156073884925, -15.148202023767821]], [[-27.405592259312392, -26.37249497124701, -7.5389014270128705, -6.513476516265708, -30.276505942971895, -7.381640651808173, -14.914799672365291, -31.158300428190607], [-5.469815294951291, -4.204351396795568, 1.7056651167514154, -6.529667837044354, 4.736111461314636, 3.1655587738167696, 7.215457793906575, -8.45877824356067]])
,([-23.819019340735377, 10.47758756664621],[-23.305668856037585, -1.075515701220226],[-23.819019340735377, 10.47758756664621],[-0.978344400320978, 21.25180875449638]
,[[-26.351434079176137, -39.43423672922832, -36.73996537727815, -40.55649386194618, -22.367268871438164, -15.691982357609017, -8.079720263887243, -15.024823173215964], [-15.123331996806758, -19.023359328259563, -13.952833015595814, -22.541131794529836, -21.72203057447418, -32.884935488413, -25.33873573610663, -26.832907161975598]], [[-35.65822469269315, -18.973183869223273, -9.049904211521483, -18.32987165388147, -36.955066936399334, -14.699555360510729, -22.706459608805467, -37.09423886754344], [-12.092675843747033, -0.8363694517114748, -7.500925815920739, -4.77369671878538, -9.839148704783906, -0.14505101593425174, 5.482430352130141, -1.4784758665074804]])
,([-3.6005123728259747, 2.7125100914853633],[-19.793035289675117, 9.502670468163274],[-3.6005123728259747, 2.7125100914853633],[11.278364752053804, 40.574070509892195]
,[[-2.4291801164917484, -1.262421051018932, -1.4550752329898948, -5.421800978597208, -5.78717894286949, -4.770836631812635, -5.404486439571814, -0.867616584440368], [-16.917854070418365, -24.25692556307677, -17.012030061695448, -24.938273636119696, -11.907392485971542, -30.483485402973884, -10.756626068001108, -31.656151768647455]], [[-3.431731490511856, -2.9497799156269964, -2.052701525110792, -3.01082926431193, -5.687117321213778, -6.115313927908873, -5.386757554117165, -1.2189107573751397], [24.602553192862352, 20.83167651632779, 17.48328470869735, 3.883227250839435, 16.483184496060485, 20.04060336099674, 16.06959174653255, 23.102811141782727]])
,([-14.649990647738203, 3.8616320294417648],[2.8378844127361056, 15.510734796252756],[-14.649990647738203, 3.8616320294417648],[17.239090372904975, 29.911940756421625]
,[[-20.256877667664867, -7.4669622492593515, -11.473683816152802, -6.683502333111216, -10.84804612251966, -15.535256427841903, -22.22088656029449, -7.28780998873791], [9.096626096887082, -3.0372633799294286, 8.725148105231233, 2.758843748662163, 2.8200092290914727, -2.1556550943432145, 5.462228393924796, -2.9082600851900686]], [[-14.589319149203508, -17.193878641213743, -13.103761642497222, -19.62489815232407, -8.331508032579759, -17.790149054225548, -15.231082453033402, -23.178805393998065], [17.501429953937954, 19.607493892478182, 13.595370993464726, 13.44500696337221, 16.949534446333313, 14.031481643670993, 20.655463737827066, 23.02776267615074]])
,([-11.834087113706104, 13.73796533031939],[-22.45303363741136, 12.968842407615625],[-11.834087113706104, 13.73796533031939],[14.696327378364842, 50.118203423391826]
,[[-17.314018722858346, -16.96572431833718, -14.817501863512897, -10.445473815504185, -18.7747721769844, -9.16756776373409, -3.5639761395997844, -9.913334478341069], [-16.845319938767464, -34.30931420042544, -12.386777862839626, -14.207715720558259, -24.428976662632824, -28.356556840760348, -14.037993863535977, -6.53736648961257]], [[-2.572612336614437, -18.334101970466474, -17.225711903938006, -5.094249240517641, -4.982708378697279, -2.4498834174222885, -20.302976218524933, -0.7435207062893561], [16.217575986329162, 7.122417758585536, 1.9649518307332663, -2.4282574403197046, 26.04335356942814, 29.034875964569967, 9.664510603500192, 14.480624737328604]])
,([-12.773159651388548, -7.346416251010295],[-18.54930105247947, -4.508016069844118],[-12.773159651388548, -7.346416251010295],[-1.0637430618165027, 12.977541920818851]
,[[-13.323497321024618, -10.921670343501505, -14.450482595709092, -11.105555223330434, -12.924830940058493, -13.579396197743065, -15.428501365681258, -15.288628458246336], [-19.33280134642986, -23.541683898167577, -24.629965353540282, -21.04291481894649, -23.040680422992327, -23.079370118672756, -24.531829763516534, -21.66602251547159]], [[-13.055937826702593, -10.985728520959444, -13.946280232696814, -10.259807085901693, -12.220040964305655, -11.940472935479862, -11.840484745037637, -10.500714672620813], [-1.6288602831649577, -4.583718657177066, -7.3121565303557885, 0.45084563976052294, 1.3192601107818387, 1.5535606613267934, 2.562468954977229, 4.1377051984747]])
,([-8.763728311108533, 8.421836958484338],[3.3746720802859755, 15.527880512846998],[-8.763728311108533, 8.421836958484338],[22.522406275273205, 34.67561470783423]
,[[-8.207650576827538, -12.697812265667693, -7.252818141511032, -1.446556138750175, -9.755549503887504, -8.544728203965148, -11.04450338777486, -12.676062857833768], [7.060566984635326, 9.049169090961973, 6.791170459703599, 7.848762260489883, -0.6969363085801543, 4.895403087602624, 5.659433899498389, 6.023129578502969]], [[-8.59179174241789, -9.78526188702367, -13.29082752582536, -1.3346607968680892, -4.399768735612257, -13.862600586811778, -14.717660469658039, -1.579569617742715], [22.782457189884344, 22.879187974590902, 20.63573279030012, 28.04050734790178, 21.33950906132983, 18.521082546906726, 19.068102886889253, 19.26888442823461]])
,([-16.02883169187754, -3.547935506502217],[-4.000495172322861, 7.738076321683263],[-16.02883169187754, -3.547935506502217],[8.918729511976519, 20.657301005982642]
,[[-16.031005251495287, -9.834694003108455, -15.921222146608129, -13.558013196128405, -21.960257255942786, -12.763718407724282, -13.11363268255104, -11.248831447665562], [-0.2521935160756321, -9.622608711648823, -5.517000359926879, 1.5862201042899784, -6.632221629499371, -7.961121131341124, -9.523206122971917, -3.366318160913057]], [[-15.207711102660506, -18.62579927198047, -9.923402508346216, -17.063621949544483, -12.951357794404528, -12.517351839170422, -21.889519729015987, -10.478636658632507], [9.49354053975581, 6.062508276816642, 6.921342654333076, 5.965487514284968, 3.9647784596723943, 4.795563963637266, 3.861259436790742, 3.6769630143492176]])
,([-22.392977239140166, -0.35494245765221066],[-20.18881614828583, 10.154186160729772],[-22.392977239140166, -0.35494245765221066],[14.714080878650975, 45.05708318766658]
,[[-15.30175315594821, -31.043985740899352, -13.128598997880013, -23.160964074326206, -31.3349260270102, -16.703123233427576, -15.686498387675856, -11.388732135375507], [-7.264148954775788, -24.040990525046702, -32.297312098724746, -28.312631093127564, -13.928015558301272, -30.14279285610656, -5.829568510075529, -20.692470731955424]], [[-11.669181611050265, -23.21627117467363, -12.900118016964095, -32.31796357428665, -21.563683911449175, -25.058709114624705, -19.531009023131837, -31.37122837060101], [19.592953742538125, 26.541250655837466, 5.166602771947458, 6.440235976910101, 23.957056068705622, 4.37620530830004, 17.801491075628213, 15.254390260695919]])
,([3.517382616599672, 19.76442239537674],[-17.163052259882075, 5.950881728331112],[3.517382616599672, 19.76442239537674],[9.729951249855059, 32.843885238068246]
,[[0.6926237154455599, 1.33408106065571, -1.3878015507026351, 8.957623282662109, -1.6712900542982094, 2.3605517466661556, 10.099162461385088, 9.625892917202066], [-10.95296401355804, -17.06539674578121, -9.445018933597952, -9.558718785098877, -23.53253942913097, -17.14497814585613, -7.934146200675935, -22.452931429550016]], [[0.23931146518173207, 2.4987105099778164, 4.885108251585379, -2.288374342599372, 0.003252724599401624, 3.833005982559376, -4.299089664797686, 5.268174754580807], [9.047483500386093, 1.140101716738954, 14.328154775520956, 11.95135256821017, 13.121702995459083, 1.169039530886545, -1.2797674677795037, 10.205986581212665]])
,([-20.437120850419767, -11.614671205907424],[-10.94291162404959, 6.029242062516044],[-20.437120850419767, -11.614671205907424],[13.848929548308451, 30.821083234874084]
,[[-24.119478195756376, -20.17705227046801, -24.604746330881873, -21.189843798752065, -20.840462037164578, -16.461164295416104, -18.289825825034352, -16.918159828609422], [-9.199717149478179, -6.47900280755867, -3.4939492222298423, -5.540142314596636, -13.959925248546986, -6.077297960930929, -13.132542992482296, -13.077705531883055]], [[-17.03632821679043, -16.128988070801938, -16.28945994775759, -23.962856679093054, -23.258124143096616, -16.589149120248877, -20.76984502115004, -22.147343730975983], [17.57804878632333, 20.04239366927031, 16.76731072820004, 8.473026902426348, 10.403682004424098, 14.985193372715628, 21.081481917756292, 18.29982902047027]])
,([-3.296396198862549, 16.339126890340538],[-14.26835136499351, 18.30896259619407],[-3.296396198862549, 16.339126890340538],[19.26962863798445, 51.84694259917203]
,[[0.8583069334182074, 4.780490862192176, 4.42388121871865, -7.379931291795469, -2.9692252465928597, -12.807438867893554, 0.7426278412045111, 5.591496140579304], [-16.9362634742182, -26.13946063916993, -6.341132256331022, -28.567287510364153, -25.323484285643012, -10.63313011215389, -6.071662115974728, -12.186590689563953]], [[-5.392963592941685, 3.910586126639343, 6.511066173545446, 3.0512431349397087, -2.6385247712947137, -9.962444034786493, -5.470889088730632, -4.699255333935662], [12.190164811463386, 33.12484757709528, 25.595748504619454, 17.757277185771464, 11.245014007289939, 30.02622101066028, 3.3176065817685174, 17.349294962891825]])
,([-1.1809970339603382, 17.22443450893953],[-20.651379211801533, -8.8020443305933],[-1.1809970339603382, 17.22443450893953],[-6.757891681582283, 5.0914431996259495]
,[[-8.112337908288508, 0.20803336144591533, -1.714883422418243, -2.5621983137933944, -8.851084199027664, 0.8346680309134111, 4.813736788666205, -5.474099729380817], [-22.8906415931443, -22.38272937105316, -21.343956161882726, -16.599734820550843, -15.643716258474262, -18.263582628901958, -16.419887839728542, -19.153752562336088]], [[6.337912457739222, -9.241519391805511, -1.6240915677204857, 0.1685753949768909, 3.5002376854741133, 3.3291476309025043, 2.6305519061384928, 2.6710412007667426], [-4.408923438241157, -3.7425869804624607, -11.712938549064376, -5.61206979307455, -3.2861724393573137, -6.397985936614979, -0.9525076584838761, -5.717917579249297]])
]
